inimigosscaredg: .word 256, 64
.byte 0,0,0,0,0,0,0,0,0,0,0,0,0,0,0,0,0,0,0,0,0,0,0,0,9,9,9,9,9,9,9,9,9,9,9,9,9,9,9,9,0,0,0,0,0,0,0,0,0,0,0,0,0,0,0,0,0,0,0,0,0,0,0,0,0,0,0,0,0,0,0,0,0,0,0,0,0,0,0,0,0,0,0,0,0,0,0,0,9,9,9,9,9,9,9,9,9,9,9,9,9,9,9,9,0,0,0,0,0,0,0,0,0,0,0,0,0,0,0,0,0,0,0,0,0,0,0,0,0,0,0,0,0,0,0,0,0,0,0,0,0,0,0,0,0,0,0,0,0,0,0,0,9,9,9,9,9,9,9,9,9,9,9,9,9,9,9,9,0,0,0,0,0,0,0,0,0,0,0,0,0,0,0,0,0,0,0,0,0,0,0,0,0,0,0,0,0,0,0,0,0,0,0,0,0,0,0,0,0,0,0,0,0,0,0,0,9,9,9,9,9,9,9,9,9,9,9,9,9,9,9,9,0,0,0,0,0,0,0,0,0,0,0,0,0,0,0,0,0,0,0,0,0,0,0,0,
0,0,0,0,0,0,0,0,0,0,0,0,0,0,0,0,0,0,0,0,0,0,0,0,9,9,9,9,9,9,9,9,9,9,9,9,9,9,9,9,0,0,0,0,0,0,0,0,0,0,0,0,0,0,0,0,0,0,0,0,0,0,0,0,0,0,0,0,0,0,0,0,0,0,0,0,0,0,0,0,0,0,0,0,0,0,0,0,9,9,9,9,9,9,9,9,9,9,9,9,9,9,9,9,0,0,0,0,0,0,0,0,0,0,0,0,0,0,0,0,0,0,0,0,0,0,0,0,0,0,0,0,0,0,0,0,0,0,0,0,0,0,0,0,0,0,0,0,0,0,0,0,9,9,9,9,9,9,9,9,9,9,9,9,9,9,9,9,0,0,0,0,0,0,0,0,0,0,0,0,0,0,0,0,0,0,0,0,0,0,0,0,0,0,0,0,0,0,0,0,0,0,0,0,0,0,0,0,0,0,0,0,0,0,0,0,9,9,9,9,9,9,9,9,9,9,9,9,9,9,9,9,0,0,0,0,0,0,0,0,0,0,0,0,0,0,0,0,0,0,0,0,0,0,0,0,
0,0,0,0,0,0,0,0,0,0,0,0,0,0,0,0,0,0,0,0,0,0,0,0,9,9,9,9,9,9,9,9,9,9,9,9,9,9,9,9,0,0,0,0,0,0,0,0,0,0,0,0,0,0,0,0,0,0,0,0,0,0,0,0,0,0,0,0,0,0,0,0,0,0,0,0,0,0,0,0,0,0,0,0,0,0,0,0,9,9,9,9,9,9,9,9,9,9,9,9,9,9,9,9,0,0,0,0,0,0,0,0,0,0,0,0,0,0,0,0,0,0,0,0,0,0,0,0,0,0,0,0,0,0,0,0,0,0,0,0,0,0,0,0,0,0,0,0,0,0,0,0,9,9,9,9,9,9,9,9,9,9,9,9,9,9,9,9,0,0,0,0,0,0,0,0,0,0,0,0,0,0,0,0,0,0,0,0,0,0,0,0,0,0,0,0,0,0,0,0,0,0,0,0,0,0,0,0,0,0,0,0,0,0,0,0,9,9,9,9,9,9,9,9,9,9,9,9,9,9,9,9,0,0,0,0,0,0,0,0,0,0,0,0,0,0,0,0,0,0,0,0,0,0,0,0,
0,0,0,0,0,0,0,0,0,0,0,0,0,0,0,0,0,0,0,0,0,0,0,0,9,9,9,9,9,9,9,9,9,9,9,9,9,9,9,9,0,0,0,0,0,0,0,0,0,0,0,0,0,0,0,0,0,0,0,0,0,0,0,0,0,0,0,0,0,0,0,0,0,0,0,0,0,0,0,0,0,0,0,0,0,0,0,0,9,9,9,9,9,9,9,9,9,9,9,9,9,9,9,9,0,0,0,0,0,0,0,0,0,0,0,0,0,0,0,0,0,0,0,0,0,0,0,0,0,0,0,0,0,0,0,0,0,0,0,0,0,0,0,0,0,0,0,0,0,0,0,0,9,9,9,9,9,9,9,9,9,9,9,9,9,9,9,9,0,0,0,0,0,0,0,0,0,0,0,0,0,0,0,0,0,0,0,0,0,0,0,0,0,0,0,0,0,0,0,0,0,0,0,0,0,0,0,0,0,0,0,0,0,0,0,0,9,9,9,9,9,9,9,9,9,9,9,9,9,9,9,9,0,0,0,0,0,0,0,0,0,0,0,0,0,0,0,0,0,0,0,0,0,0,0,0,
0,0,0,0,0,0,0,0,0,0,0,0,0,0,0,0,9,9,9,9,9,9,9,9,218,218,218,218,218,218,218,218,227,227,227,227,227,227,227,227,9,9,9,9,9,9,9,9,0,0,0,0,0,0,0,0,0,0,0,0,0,0,0,0,0,0,0,0,0,0,0,0,0,0,0,0,0,0,0,0,9,9,9,9,9,9,9,9,218,218,218,218,218,218,218,218,227,227,227,227,227,227,227,227,9,9,9,9,9,9,9,9,0,0,0,0,0,0,0,0,0,0,0,0,0,0,0,0,0,0,0,0,0,0,0,0,0,0,0,0,0,0,0,0,9,9,9,9,9,9,9,9,218,218,218,218,218,218,218,218,227,227,227,227,227,227,227,227,9,9,9,9,9,9,9,9,0,0,0,0,0,0,0,0,0,0,0,0,0,0,0,0,0,0,0,0,0,0,0,0,0,0,0,0,0,0,0,0,9,9,9,9,9,9,9,9,218,218,218,218,218,218,218,218,227,227,227,227,227,227,227,227,9,9,9,9,9,9,9,9,0,0,0,0,0,0,0,0,0,0,0,0,0,0,0,0,
0,0,0,0,0,0,0,0,0,0,0,0,0,0,0,0,9,9,9,9,9,9,9,9,218,218,218,218,218,218,218,218,227,227,227,227,227,227,227,227,9,9,9,9,9,9,9,9,0,0,0,0,0,0,0,0,0,0,0,0,0,0,0,0,0,0,0,0,0,0,0,0,0,0,0,0,0,0,0,0,9,9,9,9,9,9,9,9,218,218,218,218,218,218,218,218,227,227,227,227,227,227,227,227,9,9,9,9,9,9,9,9,0,0,0,0,0,0,0,0,0,0,0,0,0,0,0,0,0,0,0,0,0,0,0,0,0,0,0,0,0,0,0,0,9,9,9,9,9,9,9,9,218,218,218,218,218,218,218,218,227,227,227,227,227,227,227,227,9,9,9,9,9,9,9,9,0,0,0,0,0,0,0,0,0,0,0,0,0,0,0,0,0,0,0,0,0,0,0,0,0,0,0,0,0,0,0,0,9,9,9,9,9,9,9,9,218,218,218,218,218,218,218,218,227,227,227,227,227,227,227,227,9,9,9,9,9,9,9,9,0,0,0,0,0,0,0,0,0,0,0,0,0,0,0,0,
0,0,0,0,0,0,0,0,0,0,0,0,0,0,0,0,9,9,9,9,9,9,9,9,218,218,218,218,218,218,218,218,227,227,227,227,227,227,227,227,9,9,9,9,9,9,9,9,0,0,0,0,0,0,0,0,0,0,0,0,0,0,0,0,0,0,0,0,0,0,0,0,0,0,0,0,0,0,0,0,9,9,9,9,9,9,9,9,218,218,218,218,218,218,218,218,227,227,227,227,227,227,227,227,9,9,9,9,9,9,9,9,0,0,0,0,0,0,0,0,0,0,0,0,0,0,0,0,0,0,0,0,0,0,0,0,0,0,0,0,0,0,0,0,9,9,9,9,9,9,9,9,218,218,218,218,218,218,218,218,227,227,227,227,227,227,227,227,9,9,9,9,9,9,9,9,0,0,0,0,0,0,0,0,0,0,0,0,0,0,0,0,0,0,0,0,0,0,0,0,0,0,0,0,0,0,0,0,9,9,9,9,9,9,9,9,218,218,218,218,218,218,218,218,227,227,227,227,227,227,227,227,9,9,9,9,9,9,9,9,0,0,0,0,0,0,0,0,0,0,0,0,0,0,0,0,
0,0,0,0,0,0,0,0,0,0,0,0,0,0,0,0,9,9,9,9,9,9,9,9,218,218,218,218,218,218,218,218,227,227,227,227,227,227,227,227,9,9,9,9,9,9,9,9,0,0,0,0,0,0,0,0,0,0,0,0,0,0,0,0,0,0,0,0,0,0,0,0,0,0,0,0,0,0,0,0,9,9,9,9,9,9,9,9,218,218,218,218,218,218,218,218,227,227,227,227,227,227,227,227,9,9,9,9,9,9,9,9,0,0,0,0,0,0,0,0,0,0,0,0,0,0,0,0,0,0,0,0,0,0,0,0,0,0,0,0,0,0,0,0,9,9,9,9,9,9,9,9,218,218,218,218,218,218,218,218,227,227,227,227,227,227,227,227,9,9,9,9,9,9,9,9,0,0,0,0,0,0,0,0,0,0,0,0,0,0,0,0,0,0,0,0,0,0,0,0,0,0,0,0,0,0,0,0,9,9,9,9,9,9,9,9,218,218,218,218,218,218,218,218,227,227,227,227,227,227,227,227,9,9,9,9,9,9,9,9,0,0,0,0,0,0,0,0,0,0,0,0,0,0,0,0,
0,0,0,0,0,0,0,0,0,0,0,0,0,0,0,0,9,9,9,9,218,218,218,218,218,218,218,218,227,227,227,227,227,227,227,227,227,227,227,227,227,227,227,227,9,9,9,9,0,0,0,0,0,0,0,0,0,0,0,0,0,0,0,0,0,0,0,0,0,0,0,0,0,0,0,0,0,0,0,0,9,9,9,9,218,218,218,218,218,218,218,218,227,227,227,227,227,227,227,227,227,227,227,227,227,227,227,227,9,9,9,9,0,0,0,0,0,0,0,0,0,0,0,0,0,0,0,0,0,0,0,0,0,0,0,0,0,0,0,0,0,0,0,0,9,9,9,9,218,218,218,218,218,218,218,218,227,227,227,227,227,227,227,227,227,227,227,227,227,227,227,227,9,9,9,9,0,0,0,0,0,0,0,0,0,0,0,0,0,0,0,0,0,0,0,0,0,0,0,0,0,0,0,0,0,0,0,0,9,9,9,9,218,218,218,218,218,218,218,218,227,227,227,227,227,227,227,227,227,227,227,227,227,227,227,227,9,9,9,9,0,0,0,0,0,0,0,0,0,0,0,0,0,0,0,0,
0,0,0,0,0,0,0,0,0,0,0,0,0,0,0,0,9,9,9,9,218,218,218,218,218,218,218,218,227,227,227,227,227,227,227,227,227,227,227,227,227,227,227,227,9,9,9,9,0,0,0,0,0,0,0,0,0,0,0,0,0,0,0,0,0,0,0,0,0,0,0,0,0,0,0,0,0,0,0,0,9,9,9,9,218,218,218,218,218,218,218,218,227,227,227,227,227,227,227,227,227,227,227,227,227,227,227,227,9,9,9,9,0,0,0,0,0,0,0,0,0,0,0,0,0,0,0,0,0,0,0,0,0,0,0,0,0,0,0,0,0,0,0,0,9,9,9,9,218,218,218,218,218,218,218,218,227,227,227,227,227,227,227,227,227,227,227,227,227,227,227,227,9,9,9,9,0,0,0,0,0,0,0,0,0,0,0,0,0,0,0,0,0,0,0,0,0,0,0,0,0,0,0,0,0,0,0,0,9,9,9,9,218,218,218,218,218,218,218,218,227,227,227,227,227,227,227,227,227,227,227,227,227,227,227,227,9,9,9,9,0,0,0,0,0,0,0,0,0,0,0,0,0,0,0,0,
0,0,0,0,0,0,0,0,0,0,0,0,0,0,0,0,9,9,9,9,218,218,218,218,218,218,218,218,227,227,227,227,227,227,227,227,227,227,227,227,227,227,227,227,9,9,9,9,0,0,0,0,0,0,0,0,0,0,0,0,0,0,0,0,0,0,0,0,0,0,0,0,0,0,0,0,0,0,0,0,9,9,9,9,218,218,218,218,218,218,218,218,227,227,227,227,227,227,227,227,227,227,227,227,227,227,227,227,9,9,9,9,0,0,0,0,0,0,0,0,0,0,0,0,0,0,0,0,0,0,0,0,0,0,0,0,0,0,0,0,0,0,0,0,9,9,9,9,218,218,218,218,218,218,218,218,227,227,227,227,227,227,227,227,227,227,227,227,227,227,227,227,9,9,9,9,0,0,0,0,0,0,0,0,0,0,0,0,0,0,0,0,0,0,0,0,0,0,0,0,0,0,0,0,0,0,0,0,9,9,9,9,218,218,218,218,218,218,218,218,227,227,227,227,227,227,227,227,227,227,227,227,227,227,227,227,9,9,9,9,0,0,0,0,0,0,0,0,0,0,0,0,0,0,0,0,
0,0,0,0,0,0,0,0,0,0,0,0,0,0,0,0,9,9,9,9,218,218,218,218,218,218,218,218,227,227,227,227,227,227,227,227,227,227,227,227,227,227,227,227,9,9,9,9,0,0,0,0,0,0,0,0,0,0,0,0,0,0,0,0,0,0,0,0,0,0,0,0,0,0,0,0,0,0,0,0,9,9,9,9,218,218,218,218,218,218,218,218,227,227,227,227,227,227,227,227,227,227,227,227,227,227,227,227,9,9,9,9,0,0,0,0,0,0,0,0,0,0,0,0,0,0,0,0,0,0,0,0,0,0,0,0,0,0,0,0,0,0,0,0,9,9,9,9,218,218,218,218,218,218,218,218,227,227,227,227,227,227,227,227,227,227,227,227,227,227,227,227,9,9,9,9,0,0,0,0,0,0,0,0,0,0,0,0,0,0,0,0,0,0,0,0,0,0,0,0,0,0,0,0,0,0,0,0,9,9,9,9,218,218,218,218,218,218,218,218,227,227,227,227,227,227,227,227,227,227,227,227,227,227,227,227,9,9,9,9,0,0,0,0,0,0,0,0,0,0,0,0,0,0,0,0,
0,0,0,0,0,0,0,0,0,0,0,0,9,9,9,9,218,218,218,218,218,218,218,218,227,227,227,227,227,227,227,227,227,227,227,227,227,227,227,227,227,227,227,227,227,227,227,227,9,9,9,9,0,0,0,0,0,0,0,0,0,0,0,0,0,0,0,0,0,0,0,0,0,0,0,0,9,9,9,9,218,218,218,218,218,218,218,218,227,227,227,227,227,227,227,227,227,227,227,227,227,227,227,227,227,227,227,227,227,227,227,227,9,9,9,9,0,0,0,0,0,0,0,0,0,0,0,0,0,0,0,0,0,0,0,0,0,0,0,0,9,9,9,9,218,218,218,218,218,218,218,218,227,227,227,227,227,227,227,227,227,227,227,227,227,227,227,227,227,227,227,227,227,227,227,227,9,9,9,9,0,0,0,0,0,0,0,0,0,0,0,0,0,0,0,0,0,0,0,0,0,0,0,0,9,9,9,9,218,218,218,218,218,218,218,218,227,227,227,227,227,227,227,227,227,227,227,227,227,227,227,227,227,227,227,227,227,227,227,227,9,9,9,9,0,0,0,0,0,0,0,0,0,0,0,0,
0,0,0,0,0,0,0,0,0,0,0,0,9,9,9,9,218,218,218,218,218,218,218,218,227,227,227,227,227,227,227,227,227,227,227,227,227,227,227,227,227,227,227,227,227,227,227,227,9,9,9,9,0,0,0,0,0,0,0,0,0,0,0,0,0,0,0,0,0,0,0,0,0,0,0,0,9,9,9,9,218,218,218,218,218,218,218,218,227,227,227,227,227,227,227,227,227,227,227,227,227,227,227,227,227,227,227,227,227,227,227,227,9,9,9,9,0,0,0,0,0,0,0,0,0,0,0,0,0,0,0,0,0,0,0,0,0,0,0,0,9,9,9,9,218,218,218,218,218,218,218,218,227,227,227,227,227,227,227,227,227,227,227,227,227,227,227,227,227,227,227,227,227,227,227,227,9,9,9,9,0,0,0,0,0,0,0,0,0,0,0,0,0,0,0,0,0,0,0,0,0,0,0,0,9,9,9,9,218,218,218,218,218,218,218,218,227,227,227,227,227,227,227,227,227,227,227,227,227,227,227,227,227,227,227,227,227,227,227,227,9,9,9,9,0,0,0,0,0,0,0,0,0,0,0,0,
0,0,0,0,0,0,0,0,0,0,0,0,9,9,9,9,218,218,218,218,218,218,218,218,227,227,227,227,227,227,227,227,227,227,227,227,227,227,227,227,227,227,227,227,227,227,227,227,9,9,9,9,0,0,0,0,0,0,0,0,0,0,0,0,0,0,0,0,0,0,0,0,0,0,0,0,9,9,9,9,218,218,218,218,218,218,218,218,227,227,227,227,227,227,227,227,227,227,227,227,227,227,227,227,227,227,227,227,227,227,227,227,9,9,9,9,0,0,0,0,0,0,0,0,0,0,0,0,0,0,0,0,0,0,0,0,0,0,0,0,9,9,9,9,218,218,218,218,218,218,218,218,227,227,227,227,227,227,227,227,227,227,227,227,227,227,227,227,227,227,227,227,227,227,227,227,9,9,9,9,0,0,0,0,0,0,0,0,0,0,0,0,0,0,0,0,0,0,0,0,0,0,0,0,9,9,9,9,218,218,218,218,218,218,218,218,227,227,227,227,227,227,227,227,227,227,227,227,227,227,227,227,227,227,227,227,227,227,227,227,9,9,9,9,0,0,0,0,0,0,0,0,0,0,0,0,
0,0,0,0,0,0,0,0,0,0,0,0,9,9,9,9,218,218,218,218,218,218,218,218,227,227,227,227,227,227,227,227,227,227,227,227,227,227,227,227,227,227,227,227,227,227,227,227,9,9,9,9,0,0,0,0,0,0,0,0,0,0,0,0,0,0,0,0,0,0,0,0,0,0,0,0,9,9,9,9,218,218,218,218,218,218,218,218,227,227,227,227,227,227,227,227,227,227,227,227,227,227,227,227,227,227,227,227,227,227,227,227,9,9,9,9,0,0,0,0,0,0,0,0,0,0,0,0,0,0,0,0,0,0,0,0,0,0,0,0,9,9,9,9,218,218,218,218,218,218,218,218,227,227,227,227,227,227,227,227,227,227,227,227,227,227,227,227,227,227,227,227,227,227,227,227,9,9,9,9,0,0,0,0,0,0,0,0,0,0,0,0,0,0,0,0,0,0,0,0,0,0,0,0,9,9,9,9,218,218,218,218,218,218,218,218,227,227,227,227,227,227,227,227,227,227,227,227,227,227,227,227,227,227,227,227,227,227,227,227,9,9,9,9,0,0,0,0,0,0,0,0,0,0,0,0,
0,0,0,0,0,0,0,0,9,9,9,9,218,218,218,218,218,218,218,218,227,227,227,227,227,227,227,227,227,227,227,227,227,227,227,227,227,227,227,227,227,227,227,227,227,227,227,227,227,227,227,227,9,9,9,9,0,0,0,0,0,0,0,0,0,0,0,0,0,0,0,0,9,9,9,9,218,218,218,218,218,218,218,218,227,227,227,227,227,227,227,227,227,227,227,227,227,227,227,227,227,227,227,227,227,227,227,227,227,227,227,227,227,227,227,227,9,9,9,9,0,0,0,0,0,0,0,0,0,0,0,0,0,0,0,0,9,9,9,9,218,218,218,218,218,218,218,218,227,227,227,227,227,227,227,227,227,227,227,227,227,227,227,227,227,227,227,227,227,227,227,227,227,227,227,227,227,227,227,227,9,9,9,9,0,0,0,0,0,0,0,0,0,0,0,0,0,0,0,0,9,9,9,9,218,218,218,218,218,218,218,218,227,227,227,227,227,227,227,227,227,227,227,227,227,227,227,227,227,227,227,227,227,227,227,227,227,227,227,227,227,227,227,227,9,9,9,9,0,0,0,0,0,0,0,0,
0,0,0,0,0,0,0,0,9,9,9,9,218,218,218,218,218,218,218,218,227,227,227,227,227,227,227,227,227,227,227,227,227,227,227,227,227,227,227,227,227,227,227,227,227,227,227,227,227,227,227,227,9,9,9,9,0,0,0,0,0,0,0,0,0,0,0,0,0,0,0,0,9,9,9,9,218,218,218,218,218,218,218,218,227,227,227,227,227,227,227,227,227,227,227,227,227,227,227,227,227,227,227,227,227,227,227,227,227,227,227,227,227,227,227,227,9,9,9,9,0,0,0,0,0,0,0,0,0,0,0,0,0,0,0,0,9,9,9,9,218,218,218,218,218,218,218,218,227,227,227,227,227,227,227,227,227,227,227,227,227,227,227,227,227,227,227,227,227,227,227,227,227,227,227,227,227,227,227,227,9,9,9,9,0,0,0,0,0,0,0,0,0,0,0,0,0,0,0,0,9,9,9,9,218,218,218,218,218,218,218,218,227,227,227,227,227,227,227,227,227,227,227,227,227,227,227,227,227,227,227,227,227,227,227,227,227,227,227,227,227,227,227,227,9,9,9,9,0,0,0,0,0,0,0,0,
0,0,0,0,0,0,0,0,9,9,9,9,218,218,218,218,218,218,218,218,227,227,227,227,227,227,227,227,227,227,227,227,227,227,227,227,227,227,227,227,227,227,227,227,227,227,227,227,227,227,227,227,9,9,9,9,0,0,0,0,0,0,0,0,0,0,0,0,0,0,0,0,9,9,9,9,218,218,218,218,218,218,218,218,227,227,227,227,227,227,227,227,227,227,227,227,227,227,227,227,227,227,227,227,227,227,227,227,227,227,227,227,227,227,227,227,9,9,9,9,0,0,0,0,0,0,0,0,0,0,0,0,0,0,0,0,9,9,9,9,218,218,218,218,218,218,218,218,227,227,227,227,227,227,227,227,227,227,227,227,227,227,227,227,227,227,227,227,227,227,227,227,227,227,227,227,227,227,227,227,9,9,9,9,0,0,0,0,0,0,0,0,0,0,0,0,0,0,0,0,9,9,9,9,218,218,218,218,218,218,218,218,227,227,227,227,227,227,227,227,227,227,227,227,227,227,227,227,227,227,227,227,227,227,227,227,227,227,227,227,227,227,227,227,9,9,9,9,0,0,0,0,0,0,0,0,
0,0,0,0,0,0,0,0,9,9,9,9,218,218,218,218,218,218,218,218,227,227,227,227,227,227,227,227,227,227,227,227,227,227,227,227,227,227,227,227,227,227,227,227,227,227,227,227,227,227,227,227,9,9,9,9,0,0,0,0,0,0,0,0,0,0,0,0,0,0,0,0,9,9,9,9,218,218,218,218,218,218,218,218,227,227,227,227,227,227,227,227,227,227,227,227,227,227,227,227,227,227,227,227,227,227,227,227,227,227,227,227,227,227,227,227,9,9,9,9,0,0,0,0,0,0,0,0,0,0,0,0,0,0,0,0,9,9,9,9,218,218,218,218,218,218,218,218,227,227,227,227,227,227,227,227,227,227,227,227,227,227,227,227,227,227,227,227,227,227,227,227,227,227,227,227,227,227,227,227,9,9,9,9,0,0,0,0,0,0,0,0,0,0,0,0,0,0,0,0,9,9,9,9,218,218,218,218,218,218,218,218,227,227,227,227,227,227,227,227,227,227,227,227,227,227,227,227,227,227,227,227,227,227,227,227,227,227,227,227,227,227,227,227,9,9,9,9,0,0,0,0,0,0,0,0,
0,0,0,0,0,0,0,0,9,9,9,9,218,218,218,218,227,227,227,227,218,218,218,218,218,218,218,218,227,227,227,227,227,227,227,227,218,218,218,218,218,218,218,218,227,227,227,227,227,227,227,227,9,9,9,9,0,0,0,0,0,0,0,0,0,0,0,0,0,0,0,0,9,9,9,9,218,218,218,218,227,227,227,227,218,218,218,218,218,218,218,218,227,227,227,227,227,227,227,227,218,218,218,218,218,218,218,218,227,227,227,227,227,227,227,227,9,9,9,9,0,0,0,0,0,0,0,0,0,0,0,0,0,0,0,0,9,9,9,9,218,218,218,218,227,227,227,227,218,218,218,218,218,218,218,218,227,227,227,227,227,227,227,227,218,218,218,218,218,218,218,218,227,227,227,227,227,227,227,227,9,9,9,9,0,0,0,0,0,0,0,0,0,0,0,0,0,0,0,0,9,9,9,9,218,218,218,218,227,227,227,227,218,218,218,218,218,218,218,218,227,227,227,227,227,227,227,227,218,218,218,218,218,218,218,218,227,227,227,227,227,227,227,227,9,9,9,9,0,0,0,0,0,0,0,0,
0,0,0,0,0,0,0,0,9,9,9,9,218,218,218,218,227,227,227,227,218,218,218,218,218,218,218,218,227,227,227,227,227,227,227,227,218,218,218,218,218,218,218,218,227,227,227,227,227,227,227,227,9,9,9,9,0,0,0,0,0,0,0,0,0,0,0,0,0,0,0,0,9,9,9,9,218,218,218,218,227,227,227,227,218,218,218,218,218,218,218,218,227,227,227,227,227,227,227,227,218,218,218,218,218,218,218,218,227,227,227,227,227,227,227,227,9,9,9,9,0,0,0,0,0,0,0,0,0,0,0,0,0,0,0,0,9,9,9,9,218,218,218,218,227,227,227,227,218,218,218,218,218,218,218,218,227,227,227,227,227,227,227,227,218,218,218,218,218,218,218,218,227,227,227,227,227,227,227,227,9,9,9,9,0,0,0,0,0,0,0,0,0,0,0,0,0,0,0,0,9,9,9,9,218,218,218,218,227,227,227,227,218,218,218,218,218,218,218,218,227,227,227,227,227,227,227,227,218,218,218,218,218,218,218,218,227,227,227,227,227,227,227,227,9,9,9,9,0,0,0,0,0,0,0,0,
0,0,0,0,0,0,0,0,9,9,9,9,218,218,218,218,227,227,227,227,218,218,218,218,218,218,218,218,227,227,227,227,227,227,227,227,218,218,218,218,218,218,218,218,227,227,227,227,227,227,227,227,9,9,9,9,0,0,0,0,0,0,0,0,0,0,0,0,0,0,0,0,9,9,9,9,218,218,218,218,227,227,227,227,218,218,218,218,218,218,218,218,227,227,227,227,227,227,227,227,218,218,218,218,218,218,218,218,227,227,227,227,227,227,227,227,9,9,9,9,0,0,0,0,0,0,0,0,0,0,0,0,0,0,0,0,9,9,9,9,218,218,218,218,227,227,227,227,218,218,218,218,218,218,218,218,227,227,227,227,227,227,227,227,218,218,218,218,218,218,218,218,227,227,227,227,227,227,227,227,9,9,9,9,0,0,0,0,0,0,0,0,0,0,0,0,0,0,0,0,9,9,9,9,218,218,218,218,227,227,227,227,218,218,218,218,218,218,218,218,227,227,227,227,227,227,227,227,218,218,218,218,218,218,218,218,227,227,227,227,227,227,227,227,9,9,9,9,0,0,0,0,0,0,0,0,
0,0,0,0,0,0,0,0,9,9,9,9,218,218,218,218,227,227,227,227,218,218,218,218,218,218,218,218,227,227,227,227,227,227,227,227,218,218,218,218,218,218,218,218,227,227,227,227,227,227,227,227,9,9,9,9,0,0,0,0,0,0,0,0,0,0,0,0,0,0,0,0,9,9,9,9,218,218,218,218,227,227,227,227,218,218,218,218,218,218,218,218,227,227,227,227,227,227,227,227,218,218,218,218,218,218,218,218,227,227,227,227,227,227,227,227,9,9,9,9,0,0,0,0,0,0,0,0,0,0,0,0,0,0,0,0,9,9,9,9,218,218,218,218,227,227,227,227,218,218,218,218,218,218,218,218,227,227,227,227,227,227,227,227,218,218,218,218,218,218,218,218,227,227,227,227,227,227,227,227,9,9,9,9,0,0,0,0,0,0,0,0,0,0,0,0,0,0,0,0,9,9,9,9,218,218,218,218,227,227,227,227,218,218,218,218,218,218,218,218,227,227,227,227,227,227,227,227,218,218,218,218,218,218,218,218,227,227,227,227,227,227,227,227,9,9,9,9,0,0,0,0,0,0,0,0,
0,0,0,0,9,9,9,9,218,218,218,218,227,227,227,227,218,218,218,218,227,227,227,227,227,227,227,227,227,227,227,227,227,227,227,227,227,227,227,227,227,227,227,227,218,218,218,218,227,227,227,227,227,227,227,227,9,9,9,9,0,0,0,0,0,0,0,0,9,9,9,9,218,218,218,218,227,227,227,227,218,218,218,218,227,227,227,227,227,227,227,227,227,227,227,227,227,227,227,227,227,227,227,227,227,227,227,227,218,218,218,218,227,227,227,227,227,227,227,227,9,9,9,9,0,0,0,0,0,0,0,0,9,9,9,9,218,218,218,218,227,227,227,227,218,218,218,218,227,227,227,227,227,227,227,227,227,227,227,227,227,227,227,227,227,227,227,227,227,227,227,227,218,218,218,218,227,227,227,227,227,227,227,227,9,9,9,9,0,0,0,0,0,0,0,0,9,9,9,9,218,218,218,218,227,227,227,227,218,218,218,218,227,227,227,227,227,227,227,227,227,227,227,227,227,227,227,227,227,227,227,227,227,227,227,227,218,218,218,218,227,227,227,227,227,227,227,227,9,9,9,9,0,0,0,0,
0,0,0,0,9,9,9,9,218,218,218,218,227,227,227,227,218,218,218,218,227,227,227,227,227,227,227,227,227,227,227,227,227,227,227,227,227,227,227,227,227,227,227,227,218,218,218,218,227,227,227,227,227,227,227,227,9,9,9,9,0,0,0,0,0,0,0,0,9,9,9,9,218,218,218,218,227,227,227,227,218,218,218,218,227,227,227,227,227,227,227,227,227,227,227,227,227,227,227,227,227,227,227,227,227,227,227,227,218,218,218,218,227,227,227,227,227,227,227,227,9,9,9,9,0,0,0,0,0,0,0,0,9,9,9,9,218,218,218,218,227,227,227,227,218,218,218,218,227,227,227,227,227,227,227,227,227,227,227,227,227,227,227,227,227,227,227,227,227,227,227,227,218,218,218,218,227,227,227,227,227,227,227,227,9,9,9,9,0,0,0,0,0,0,0,0,9,9,9,9,218,218,218,218,227,227,227,227,218,218,218,218,227,227,227,227,227,227,227,227,227,227,227,227,227,227,227,227,227,227,227,227,227,227,227,227,218,218,218,218,227,227,227,227,227,227,227,227,9,9,9,9,0,0,0,0,
0,0,0,0,9,9,9,9,218,218,218,218,227,227,227,227,218,218,218,218,227,227,227,227,227,227,227,227,227,227,227,227,227,227,227,227,227,227,227,227,227,227,227,227,218,218,218,218,227,227,227,227,227,227,227,227,9,9,9,9,0,0,0,0,0,0,0,0,9,9,9,9,218,218,218,218,227,227,227,227,218,218,218,218,227,227,227,227,227,227,227,227,227,227,227,227,227,227,227,227,227,227,227,227,227,227,227,227,218,218,218,218,227,227,227,227,227,227,227,227,9,9,9,9,0,0,0,0,0,0,0,0,9,9,9,9,218,218,218,218,227,227,227,227,218,218,218,218,227,227,227,227,227,227,227,227,227,227,227,227,227,227,227,227,227,227,227,227,227,227,227,227,218,218,218,218,227,227,227,227,227,227,227,227,9,9,9,9,0,0,0,0,0,0,0,0,9,9,9,9,218,218,218,218,227,227,227,227,218,218,218,218,227,227,227,227,227,227,227,227,227,227,227,227,227,227,227,227,227,227,227,227,227,227,227,227,218,218,218,218,227,227,227,227,227,227,227,227,9,9,9,9,0,0,0,0,
0,0,0,0,9,9,9,9,218,218,218,218,227,227,227,227,218,218,218,218,227,227,227,227,227,227,227,227,227,227,227,227,227,227,227,227,227,227,227,227,227,227,227,227,218,218,218,218,227,227,227,227,227,227,227,227,9,9,9,9,0,0,0,0,0,0,0,0,9,9,9,9,218,218,218,218,227,227,227,227,218,218,218,218,227,227,227,227,227,227,227,227,227,227,227,227,227,227,227,227,227,227,227,227,227,227,227,227,218,218,218,218,227,227,227,227,227,227,227,227,9,9,9,9,0,0,0,0,0,0,0,0,9,9,9,9,218,218,218,218,227,227,227,227,218,218,218,218,227,227,227,227,227,227,227,227,227,227,227,227,227,227,227,227,227,227,227,227,227,227,227,227,218,218,218,218,227,227,227,227,227,227,227,227,9,9,9,9,0,0,0,0,0,0,0,0,9,9,9,9,218,218,218,218,227,227,227,227,218,218,218,218,227,227,227,227,227,227,227,227,227,227,227,227,227,227,227,227,227,227,227,227,227,227,227,227,218,218,218,218,227,227,227,227,227,227,227,227,9,9,9,9,0,0,0,0,
0,0,0,0,9,9,9,9,218,218,218,218,227,227,227,227,0,0,0,0,0,0,0,0,0,0,0,0,227,227,227,227,227,227,227,227,0,0,0,0,0,0,0,0,0,0,0,0,227,227,227,227,227,227,227,227,9,9,9,9,0,0,0,0,0,0,0,0,9,9,9,9,218,218,218,218,227,227,227,227,0,0,0,0,0,0,0,0,0,0,0,0,227,227,227,227,227,227,227,227,0,0,0,0,0,0,0,0,0,0,0,0,227,227,227,227,227,227,227,227,9,9,9,9,0,0,0,0,0,0,0,0,9,9,9,9,218,218,218,218,227,227,227,227,0,0,0,0,0,0,0,0,0,0,0,0,227,227,227,227,227,227,227,227,0,0,0,0,0,0,0,0,0,0,0,0,227,227,227,227,227,227,227,227,9,9,9,9,0,0,0,0,0,0,0,0,9,9,9,9,218,218,218,218,227,227,227,227,0,0,0,0,0,0,0,0,0,0,0,0,227,227,227,227,227,227,227,227,0,0,0,0,0,0,0,0,0,0,0,0,227,227,227,227,227,227,227,227,9,9,9,9,0,0,0,0,
0,0,0,0,9,9,9,9,218,218,218,218,227,227,227,227,0,0,0,0,0,0,0,0,0,0,0,0,227,227,227,227,227,227,227,227,0,0,0,0,0,0,0,0,0,0,0,0,227,227,227,227,227,227,227,227,9,9,9,9,0,0,0,0,0,0,0,0,9,9,9,9,218,218,218,218,227,227,227,227,0,0,0,0,0,0,0,0,0,0,0,0,227,227,227,227,227,227,227,227,0,0,0,0,0,0,0,0,0,0,0,0,227,227,227,227,227,227,227,227,9,9,9,9,0,0,0,0,0,0,0,0,9,9,9,9,218,218,218,218,227,227,227,227,0,0,0,0,0,0,0,0,0,0,0,0,227,227,227,227,227,227,227,227,0,0,0,0,0,0,0,0,0,0,0,0,227,227,227,227,227,227,227,227,9,9,9,9,0,0,0,0,0,0,0,0,9,9,9,9,218,218,218,218,227,227,227,227,0,0,0,0,0,0,0,0,0,0,0,0,227,227,227,227,227,227,227,227,0,0,0,0,0,0,0,0,0,0,0,0,227,227,227,227,227,227,227,227,9,9,9,9,0,0,0,0,
0,0,0,0,9,9,9,9,218,218,218,218,227,227,227,227,0,0,0,0,0,0,0,0,0,0,0,0,227,227,227,227,227,227,227,227,0,0,0,0,0,0,0,0,0,0,0,0,227,227,227,227,227,227,227,227,9,9,9,9,0,0,0,0,0,0,0,0,9,9,9,9,218,218,218,218,227,227,227,227,0,0,0,0,0,0,0,0,0,0,0,0,227,227,227,227,227,227,227,227,0,0,0,0,0,0,0,0,0,0,0,0,227,227,227,227,227,227,227,227,9,9,9,9,0,0,0,0,0,0,0,0,9,9,9,9,218,218,218,218,227,227,227,227,0,0,0,0,0,0,0,0,0,0,0,0,227,227,227,227,227,227,227,227,0,0,0,0,0,0,0,0,0,0,0,0,227,227,227,227,227,227,227,227,9,9,9,9,0,0,0,0,0,0,0,0,9,9,9,9,218,218,218,218,227,227,227,227,0,0,0,0,0,0,0,0,0,0,0,0,227,227,227,227,227,227,227,227,0,0,0,0,0,0,0,0,0,0,0,0,227,227,227,227,227,227,227,227,9,9,9,9,0,0,0,0,
0,0,0,0,9,9,9,9,218,218,218,218,227,227,227,227,0,0,0,0,0,0,0,0,0,0,0,0,227,227,227,227,227,227,227,227,0,0,0,0,0,0,0,0,0,0,0,0,227,227,227,227,227,227,227,227,9,9,9,9,0,0,0,0,0,0,0,0,9,9,9,9,218,218,218,218,227,227,227,227,0,0,0,0,0,0,0,0,0,0,0,0,227,227,227,227,227,227,227,227,0,0,0,0,0,0,0,0,0,0,0,0,227,227,227,227,227,227,227,227,9,9,9,9,0,0,0,0,0,0,0,0,9,9,9,9,218,218,218,218,227,227,227,227,0,0,0,0,0,0,0,0,0,0,0,0,227,227,227,227,227,227,227,227,0,0,0,0,0,0,0,0,0,0,0,0,227,227,227,227,227,227,227,227,9,9,9,9,0,0,0,0,0,0,0,0,9,9,9,9,218,218,218,218,227,227,227,227,0,0,0,0,0,0,0,0,0,0,0,0,227,227,227,227,227,227,227,227,0,0,0,0,0,0,0,0,0,0,0,0,227,227,227,227,227,227,227,227,9,9,9,9,0,0,0,0,
0,0,0,0,9,9,9,9,218,218,218,218,218,218,218,218,0,0,0,0,227,227,227,227,227,227,227,227,227,227,227,227,227,227,227,227,227,227,227,227,227,227,227,227,0,0,0,0,227,227,227,227,227,227,227,227,9,9,9,9,0,0,0,0,0,0,0,0,9,9,9,9,218,218,218,218,218,218,218,218,0,0,0,0,227,227,227,227,227,227,227,227,227,227,227,227,227,227,227,227,227,227,227,227,227,227,227,227,0,0,0,0,227,227,227,227,227,227,227,227,9,9,9,9,0,0,0,0,0,0,0,0,9,9,9,9,218,218,218,218,218,218,218,218,0,0,0,0,227,227,227,227,227,227,227,227,227,227,227,227,227,227,227,227,227,227,227,227,227,227,227,227,0,0,0,0,227,227,227,227,227,227,227,227,9,9,9,9,0,0,0,0,0,0,0,0,9,9,9,9,218,218,218,218,218,218,218,218,0,0,0,0,227,227,227,227,227,227,227,227,227,227,227,227,227,227,227,227,227,227,227,227,227,227,227,227,0,0,0,0,227,227,227,227,227,227,227,227,9,9,9,9,0,0,0,0,
0,0,0,0,9,9,9,9,218,218,218,218,218,218,218,218,0,0,0,0,227,227,227,227,227,227,227,227,227,227,227,227,227,227,227,227,227,227,227,227,227,227,227,227,0,0,0,0,227,227,227,227,227,227,227,227,9,9,9,9,0,0,0,0,0,0,0,0,9,9,9,9,218,218,218,218,218,218,218,218,0,0,0,0,227,227,227,227,227,227,227,227,227,227,227,227,227,227,227,227,227,227,227,227,227,227,227,227,0,0,0,0,227,227,227,227,227,227,227,227,9,9,9,9,0,0,0,0,0,0,0,0,9,9,9,9,218,218,218,218,218,218,218,218,0,0,0,0,227,227,227,227,227,227,227,227,227,227,227,227,227,227,227,227,227,227,227,227,227,227,227,227,0,0,0,0,227,227,227,227,227,227,227,227,9,9,9,9,0,0,0,0,0,0,0,0,9,9,9,9,218,218,218,218,218,218,218,218,0,0,0,0,227,227,227,227,227,227,227,227,227,227,227,227,227,227,227,227,227,227,227,227,227,227,227,227,0,0,0,0,227,227,227,227,227,227,227,227,9,9,9,9,0,0,0,0,
0,0,0,0,9,9,9,9,218,218,218,218,218,218,218,218,0,0,0,0,227,227,227,227,227,227,227,227,227,227,227,227,227,227,227,227,227,227,227,227,227,227,227,227,0,0,0,0,227,227,227,227,227,227,227,227,9,9,9,9,0,0,0,0,0,0,0,0,9,9,9,9,218,218,218,218,218,218,218,218,0,0,0,0,227,227,227,227,227,227,227,227,227,227,227,227,227,227,227,227,227,227,227,227,227,227,227,227,0,0,0,0,227,227,227,227,227,227,227,227,9,9,9,9,0,0,0,0,0,0,0,0,9,9,9,9,218,218,218,218,218,218,218,218,0,0,0,0,227,227,227,227,227,227,227,227,227,227,227,227,227,227,227,227,227,227,227,227,227,227,227,227,0,0,0,0,227,227,227,227,227,227,227,227,9,9,9,9,0,0,0,0,0,0,0,0,9,9,9,9,218,218,218,218,218,218,218,218,0,0,0,0,227,227,227,227,227,227,227,227,227,227,227,227,227,227,227,227,227,227,227,227,227,227,227,227,0,0,0,0,227,227,227,227,227,227,227,227,9,9,9,9,0,0,0,0,
0,0,0,0,9,9,9,9,218,218,218,218,218,218,218,218,0,0,0,0,227,227,227,227,227,227,227,227,227,227,227,227,227,227,227,227,227,227,227,227,227,227,227,227,0,0,0,0,227,227,227,227,227,227,227,227,9,9,9,9,0,0,0,0,0,0,0,0,9,9,9,9,218,218,218,218,218,218,218,218,0,0,0,0,227,227,227,227,227,227,227,227,227,227,227,227,227,227,227,227,227,227,227,227,227,227,227,227,0,0,0,0,227,227,227,227,227,227,227,227,9,9,9,9,0,0,0,0,0,0,0,0,9,9,9,9,218,218,218,218,218,218,218,218,0,0,0,0,227,227,227,227,227,227,227,227,227,227,227,227,227,227,227,227,227,227,227,227,227,227,227,227,0,0,0,0,227,227,227,227,227,227,227,227,9,9,9,9,0,0,0,0,0,0,0,0,9,9,9,9,218,218,218,218,218,218,218,218,0,0,0,0,227,227,227,227,227,227,227,227,227,227,227,227,227,227,227,227,227,227,227,227,227,227,227,227,0,0,0,0,227,227,227,227,227,227,227,227,9,9,9,9,0,0,0,0,
0,0,0,0,9,9,9,9,218,218,218,218,218,218,218,218,227,227,227,227,227,227,227,227,227,227,227,227,227,227,227,227,227,227,227,227,227,227,227,227,227,227,227,227,227,227,227,227,227,227,227,227,227,227,227,227,9,9,9,9,0,0,0,0,0,0,0,0,9,9,9,9,218,218,218,218,218,218,218,218,227,227,227,227,227,227,227,227,227,227,227,227,227,227,227,227,227,227,227,227,227,227,227,227,227,227,227,227,227,227,227,227,227,227,227,227,227,227,227,227,9,9,9,9,0,0,0,0,0,0,0,0,9,9,9,9,218,218,218,218,218,218,218,218,227,227,227,227,227,227,227,227,227,227,227,227,227,227,227,227,227,227,227,227,227,227,227,227,227,227,227,227,227,227,227,227,227,227,227,227,227,227,227,227,9,9,9,9,0,0,0,0,0,0,0,0,9,9,9,9,218,218,218,218,218,218,218,218,227,227,227,227,227,227,227,227,227,227,227,227,227,227,227,227,227,227,227,227,227,227,227,227,227,227,227,227,227,227,227,227,227,227,227,227,227,227,227,227,9,9,9,9,0,0,0,0,
0,0,0,0,9,9,9,9,218,218,218,218,218,218,218,218,227,227,227,227,227,227,227,227,227,227,227,227,227,227,227,227,227,227,227,227,227,227,227,227,227,227,227,227,227,227,227,227,227,227,227,227,227,227,227,227,9,9,9,9,0,0,0,0,0,0,0,0,9,9,9,9,218,218,218,218,218,218,218,218,227,227,227,227,227,227,227,227,227,227,227,227,227,227,227,227,227,227,227,227,227,227,227,227,227,227,227,227,227,227,227,227,227,227,227,227,227,227,227,227,9,9,9,9,0,0,0,0,0,0,0,0,9,9,9,9,218,218,218,218,218,218,218,218,227,227,227,227,227,227,227,227,227,227,227,227,227,227,227,227,227,227,227,227,227,227,227,227,227,227,227,227,227,227,227,227,227,227,227,227,227,227,227,227,9,9,9,9,0,0,0,0,0,0,0,0,9,9,9,9,218,218,218,218,218,218,218,218,227,227,227,227,227,227,227,227,227,227,227,227,227,227,227,227,227,227,227,227,227,227,227,227,227,227,227,227,227,227,227,227,227,227,227,227,227,227,227,227,9,9,9,9,0,0,0,0,
0,0,0,0,9,9,9,9,218,218,218,218,218,218,218,218,227,227,227,227,227,227,227,227,227,227,227,227,227,227,227,227,227,227,227,227,227,227,227,227,227,227,227,227,227,227,227,227,227,227,227,227,227,227,227,227,9,9,9,9,0,0,0,0,0,0,0,0,9,9,9,9,218,218,218,218,218,218,218,218,227,227,227,227,227,227,227,227,227,227,227,227,227,227,227,227,227,227,227,227,227,227,227,227,227,227,227,227,227,227,227,227,227,227,227,227,227,227,227,227,9,9,9,9,0,0,0,0,0,0,0,0,9,9,9,9,218,218,218,218,218,218,218,218,227,227,227,227,227,227,227,227,227,227,227,227,227,227,227,227,227,227,227,227,227,227,227,227,227,227,227,227,227,227,227,227,227,227,227,227,227,227,227,227,9,9,9,9,0,0,0,0,0,0,0,0,9,9,9,9,218,218,218,218,218,218,218,218,227,227,227,227,227,227,227,227,227,227,227,227,227,227,227,227,227,227,227,227,227,227,227,227,227,227,227,227,227,227,227,227,227,227,227,227,227,227,227,227,9,9,9,9,0,0,0,0,
0,0,0,0,9,9,9,9,218,218,218,218,218,218,218,218,227,227,227,227,227,227,227,227,227,227,227,227,227,227,227,227,227,227,227,227,227,227,227,227,227,227,227,227,227,227,227,227,227,227,227,227,227,227,227,227,9,9,9,9,0,0,0,0,0,0,0,0,9,9,9,9,218,218,218,218,218,218,218,218,227,227,227,227,227,227,227,227,227,227,227,227,227,227,227,227,227,227,227,227,227,227,227,227,227,227,227,227,227,227,227,227,227,227,227,227,227,227,227,227,9,9,9,9,0,0,0,0,0,0,0,0,9,9,9,9,218,218,218,218,218,218,218,218,227,227,227,227,227,227,227,227,227,227,227,227,227,227,227,227,227,227,227,227,227,227,227,227,227,227,227,227,227,227,227,227,227,227,227,227,227,227,227,227,9,9,9,9,0,0,0,0,0,0,0,0,9,9,9,9,218,218,218,218,218,218,218,218,227,227,227,227,227,227,227,227,227,227,227,227,227,227,227,227,227,227,227,227,227,227,227,227,227,227,227,227,227,227,227,227,227,227,227,227,227,227,227,227,9,9,9,9,0,0,0,0,
0,0,0,0,0,0,0,0,9,9,9,9,218,218,218,218,227,227,227,227,227,227,227,227,227,227,227,227,227,227,227,227,227,227,227,227,227,227,227,227,227,227,227,227,227,227,227,227,227,227,227,227,9,9,9,9,0,0,0,0,0,0,0,0,0,0,0,0,0,0,0,0,9,9,9,9,218,218,218,218,227,227,227,227,227,227,227,227,227,227,227,227,227,227,227,227,227,227,227,227,227,227,227,227,227,227,227,227,227,227,227,227,227,227,227,227,9,9,9,9,0,0,0,0,0,0,0,0,0,0,0,0,0,0,0,0,9,9,9,9,218,218,218,218,227,227,227,227,227,227,227,227,227,227,227,227,227,227,227,227,227,227,227,227,227,227,227,227,227,227,227,227,227,227,227,227,227,227,227,227,9,9,9,9,0,0,0,0,0,0,0,0,0,0,0,0,0,0,0,0,9,9,9,9,218,218,218,218,227,227,227,227,227,227,227,227,227,227,227,227,227,227,227,227,227,227,227,227,227,227,227,227,227,227,227,227,227,227,227,227,227,227,227,227,9,9,9,9,0,0,0,0,0,0,0,0,
0,0,0,0,0,0,0,0,9,9,9,9,218,218,218,218,227,227,227,227,227,227,227,227,227,227,227,227,227,227,227,227,227,227,227,227,227,227,227,227,227,227,227,227,227,227,227,227,227,227,227,227,9,9,9,9,0,0,0,0,0,0,0,0,0,0,0,0,0,0,0,0,9,9,9,9,218,218,218,218,227,227,227,227,227,227,227,227,227,227,227,227,227,227,227,227,227,227,227,227,227,227,227,227,227,227,227,227,227,227,227,227,227,227,227,227,9,9,9,9,0,0,0,0,0,0,0,0,0,0,0,0,0,0,0,0,9,9,9,9,218,218,218,218,227,227,227,227,227,227,227,227,227,227,227,227,227,227,227,227,227,227,227,227,227,227,227,227,227,227,227,227,227,227,227,227,227,227,227,227,9,9,9,9,0,0,0,0,0,0,0,0,0,0,0,0,0,0,0,0,9,9,9,9,218,218,218,218,227,227,227,227,227,227,227,227,227,227,227,227,227,227,227,227,227,227,227,227,227,227,227,227,227,227,227,227,227,227,227,227,227,227,227,227,9,9,9,9,0,0,0,0,0,0,0,0,
0,0,0,0,0,0,0,0,9,9,9,9,218,218,218,218,227,227,227,227,227,227,227,227,227,227,227,227,227,227,227,227,227,227,227,227,227,227,227,227,227,227,227,227,227,227,227,227,227,227,227,227,9,9,9,9,0,0,0,0,0,0,0,0,0,0,0,0,0,0,0,0,9,9,9,9,218,218,218,218,227,227,227,227,227,227,227,227,227,227,227,227,227,227,227,227,227,227,227,227,227,227,227,227,227,227,227,227,227,227,227,227,227,227,227,227,9,9,9,9,0,0,0,0,0,0,0,0,0,0,0,0,0,0,0,0,9,9,9,9,218,218,218,218,227,227,227,227,227,227,227,227,227,227,227,227,227,227,227,227,227,227,227,227,227,227,227,227,227,227,227,227,227,227,227,227,227,227,227,227,9,9,9,9,0,0,0,0,0,0,0,0,0,0,0,0,0,0,0,0,9,9,9,9,218,218,218,218,227,227,227,227,227,227,227,227,227,227,227,227,227,227,227,227,227,227,227,227,227,227,227,227,227,227,227,227,227,227,227,227,227,227,227,227,9,9,9,9,0,0,0,0,0,0,0,0,
0,0,0,0,0,0,0,0,9,9,9,9,218,218,218,218,227,227,227,227,227,227,227,227,227,227,227,227,227,227,227,227,227,227,227,227,227,227,227,227,227,227,227,227,227,227,227,227,227,227,227,227,9,9,9,9,0,0,0,0,0,0,0,0,0,0,0,0,0,0,0,0,9,9,9,9,218,218,218,218,227,227,227,227,227,227,227,227,227,227,227,227,227,227,227,227,227,227,227,227,227,227,227,227,227,227,227,227,227,227,227,227,227,227,227,227,9,9,9,9,0,0,0,0,0,0,0,0,0,0,0,0,0,0,0,0,9,9,9,9,218,218,218,218,227,227,227,227,227,227,227,227,227,227,227,227,227,227,227,227,227,227,227,227,227,227,227,227,227,227,227,227,227,227,227,227,227,227,227,227,9,9,9,9,0,0,0,0,0,0,0,0,0,0,0,0,0,0,0,0,9,9,9,9,218,218,218,218,227,227,227,227,227,227,227,227,227,227,227,227,227,227,227,227,227,227,227,227,227,227,227,227,227,227,227,227,227,227,227,227,227,227,227,227,9,9,9,9,0,0,0,0,0,0,0,0,
0,0,0,0,0,0,0,0,9,9,9,9,218,218,218,218,227,227,227,227,227,227,227,227,0,0,0,0,0,0,0,0,0,0,0,0,0,0,0,0,227,227,227,227,227,227,227,227,227,227,227,227,9,9,9,9,0,0,0,0,0,0,0,0,0,0,0,0,0,0,0,0,9,9,9,9,218,218,218,218,227,227,227,227,227,227,227,227,0,0,0,0,0,0,0,0,0,0,0,0,0,0,0,0,227,227,227,227,227,227,227,227,227,227,227,227,9,9,9,9,0,0,0,0,0,0,0,0,0,0,0,0,0,0,0,0,9,9,9,9,218,218,218,218,227,227,227,227,227,227,227,227,0,0,0,0,0,0,0,0,0,0,0,0,0,0,0,0,227,227,227,227,227,227,227,227,227,227,227,227,9,9,9,9,0,0,0,0,0,0,0,0,0,0,0,0,0,0,0,0,9,9,9,9,218,218,218,218,227,227,227,227,227,227,227,227,0,0,0,0,0,0,0,0,0,0,0,0,0,0,0,0,227,227,227,227,227,227,227,227,227,227,227,227,9,9,9,9,0,0,0,0,0,0,0,0,
0,0,0,0,0,0,0,0,9,9,9,9,218,218,218,218,227,227,227,227,227,227,227,227,0,0,0,0,0,0,0,0,0,0,0,0,0,0,0,0,227,227,227,227,227,227,227,227,227,227,227,227,9,9,9,9,0,0,0,0,0,0,0,0,0,0,0,0,0,0,0,0,9,9,9,9,218,218,218,218,227,227,227,227,227,227,227,227,0,0,0,0,0,0,0,0,0,0,0,0,0,0,0,0,227,227,227,227,227,227,227,227,227,227,227,227,9,9,9,9,0,0,0,0,0,0,0,0,0,0,0,0,0,0,0,0,9,9,9,9,218,218,218,218,227,227,227,227,227,227,227,227,0,0,0,0,0,0,0,0,0,0,0,0,0,0,0,0,227,227,227,227,227,227,227,227,227,227,227,227,9,9,9,9,0,0,0,0,0,0,0,0,0,0,0,0,0,0,0,0,9,9,9,9,218,218,218,218,227,227,227,227,227,227,227,227,0,0,0,0,0,0,0,0,0,0,0,0,0,0,0,0,227,227,227,227,227,227,227,227,227,227,227,227,9,9,9,9,0,0,0,0,0,0,0,0,
0,0,0,0,0,0,0,0,9,9,9,9,218,218,218,218,227,227,227,227,227,227,227,227,0,0,0,0,0,0,0,0,0,0,0,0,0,0,0,0,227,227,227,227,227,227,227,227,227,227,227,227,9,9,9,9,0,0,0,0,0,0,0,0,0,0,0,0,0,0,0,0,9,9,9,9,218,218,218,218,227,227,227,227,227,227,227,227,0,0,0,0,0,0,0,0,0,0,0,0,0,0,0,0,227,227,227,227,227,227,227,227,227,227,227,227,9,9,9,9,0,0,0,0,0,0,0,0,0,0,0,0,0,0,0,0,9,9,9,9,218,218,218,218,227,227,227,227,227,227,227,227,0,0,0,0,0,0,0,0,0,0,0,0,0,0,0,0,227,227,227,227,227,227,227,227,227,227,227,227,9,9,9,9,0,0,0,0,0,0,0,0,0,0,0,0,0,0,0,0,9,9,9,9,218,218,218,218,227,227,227,227,227,227,227,227,0,0,0,0,0,0,0,0,0,0,0,0,0,0,0,0,227,227,227,227,227,227,227,227,227,227,227,227,9,9,9,9,0,0,0,0,0,0,0,0,
0,0,0,0,0,0,0,0,9,9,9,9,218,218,218,218,227,227,227,227,227,227,227,227,0,0,0,0,0,0,0,0,0,0,0,0,0,0,0,0,227,227,227,227,227,227,227,227,227,227,227,227,9,9,9,9,0,0,0,0,0,0,0,0,0,0,0,0,0,0,0,0,9,9,9,9,218,218,218,218,227,227,227,227,227,227,227,227,0,0,0,0,0,0,0,0,0,0,0,0,0,0,0,0,227,227,227,227,227,227,227,227,227,227,227,227,9,9,9,9,0,0,0,0,0,0,0,0,0,0,0,0,0,0,0,0,9,9,9,9,218,218,218,218,227,227,227,227,227,227,227,227,0,0,0,0,0,0,0,0,0,0,0,0,0,0,0,0,227,227,227,227,227,227,227,227,227,227,227,227,9,9,9,9,0,0,0,0,0,0,0,0,0,0,0,0,0,0,0,0,9,9,9,9,218,218,218,218,227,227,227,227,227,227,227,227,0,0,0,0,0,0,0,0,0,0,0,0,0,0,0,0,227,227,227,227,227,227,227,227,227,227,227,227,9,9,9,9,0,0,0,0,0,0,0,0,
0,0,0,0,0,0,0,0,0,0,0,0,9,9,9,9,218,218,218,218,227,227,227,227,0,0,0,0,0,0,0,0,0,0,0,0,0,0,0,0,227,227,227,227,218,218,218,218,9,9,9,9,0,0,0,0,0,0,0,0,0,0,0,0,0,0,0,0,0,0,0,0,0,0,0,0,9,9,9,9,218,218,218,218,227,227,227,227,0,0,0,0,0,0,0,0,0,0,0,0,0,0,0,0,227,227,227,227,218,218,218,218,9,9,9,9,0,0,0,0,0,0,0,0,0,0,0,0,0,0,0,0,0,0,0,0,0,0,0,0,9,9,9,9,218,218,218,218,227,227,227,227,0,0,0,0,0,0,0,0,0,0,0,0,0,0,0,0,227,227,227,227,218,218,218,218,9,9,9,9,0,0,0,0,0,0,0,0,0,0,0,0,0,0,0,0,0,0,0,0,0,0,0,0,9,9,9,9,218,218,218,218,227,227,227,227,0,0,0,0,0,0,0,0,0,0,0,0,0,0,0,0,227,227,227,227,218,218,218,218,9,9,9,9,0,0,0,0,0,0,0,0,0,0,0,0,
0,0,0,0,0,0,0,0,0,0,0,0,9,9,9,9,218,218,218,218,227,227,227,227,0,0,0,0,0,0,0,0,0,0,0,0,0,0,0,0,227,227,227,227,218,218,218,218,9,9,9,9,0,0,0,0,0,0,0,0,0,0,0,0,0,0,0,0,0,0,0,0,0,0,0,0,9,9,9,9,218,218,218,218,227,227,227,227,0,0,0,0,0,0,0,0,0,0,0,0,0,0,0,0,227,227,227,227,218,218,218,218,9,9,9,9,0,0,0,0,0,0,0,0,0,0,0,0,0,0,0,0,0,0,0,0,0,0,0,0,9,9,9,9,218,218,218,218,227,227,227,227,0,0,0,0,0,0,0,0,0,0,0,0,0,0,0,0,227,227,227,227,218,218,218,218,9,9,9,9,0,0,0,0,0,0,0,0,0,0,0,0,0,0,0,0,0,0,0,0,0,0,0,0,9,9,9,9,218,218,218,218,227,227,227,227,0,0,0,0,0,0,0,0,0,0,0,0,0,0,0,0,227,227,227,227,218,218,218,218,9,9,9,9,0,0,0,0,0,0,0,0,0,0,0,0,
0,0,0,0,0,0,0,0,0,0,0,0,9,9,9,9,218,218,218,218,227,227,227,227,0,0,0,0,0,0,0,0,0,0,0,0,0,0,0,0,227,227,227,227,218,218,218,218,9,9,9,9,0,0,0,0,0,0,0,0,0,0,0,0,0,0,0,0,0,0,0,0,0,0,0,0,9,9,9,9,218,218,218,218,227,227,227,227,0,0,0,0,0,0,0,0,0,0,0,0,0,0,0,0,227,227,227,227,218,218,218,218,9,9,9,9,0,0,0,0,0,0,0,0,0,0,0,0,0,0,0,0,0,0,0,0,0,0,0,0,9,9,9,9,218,218,218,218,227,227,227,227,0,0,0,0,0,0,0,0,0,0,0,0,0,0,0,0,227,227,227,227,218,218,218,218,9,9,9,9,0,0,0,0,0,0,0,0,0,0,0,0,0,0,0,0,0,0,0,0,0,0,0,0,9,9,9,9,218,218,218,218,227,227,227,227,0,0,0,0,0,0,0,0,0,0,0,0,0,0,0,0,227,227,227,227,218,218,218,218,9,9,9,9,0,0,0,0,0,0,0,0,0,0,0,0,
0,0,0,0,0,0,0,0,0,0,0,0,9,9,9,9,218,218,218,218,227,227,227,227,0,0,0,0,0,0,0,0,0,0,0,0,0,0,0,0,227,227,227,227,218,218,218,218,9,9,9,9,0,0,0,0,0,0,0,0,0,0,0,0,0,0,0,0,0,0,0,0,0,0,0,0,9,9,9,9,218,218,218,218,227,227,227,227,0,0,0,0,0,0,0,0,0,0,0,0,0,0,0,0,227,227,227,227,218,218,218,218,9,9,9,9,0,0,0,0,0,0,0,0,0,0,0,0,0,0,0,0,0,0,0,0,0,0,0,0,9,9,9,9,218,218,218,218,227,227,227,227,0,0,0,0,0,0,0,0,0,0,0,0,0,0,0,0,227,227,227,227,218,218,218,218,9,9,9,9,0,0,0,0,0,0,0,0,0,0,0,0,0,0,0,0,0,0,0,0,0,0,0,0,9,9,9,9,218,218,218,218,227,227,227,227,0,0,0,0,0,0,0,0,0,0,0,0,0,0,0,0,227,227,227,227,218,218,218,218,9,9,9,9,0,0,0,0,0,0,0,0,0,0,0,0,
0,0,0,0,0,0,0,0,0,0,0,0,0,0,0,0,9,9,9,9,218,218,218,218,227,227,227,227,227,227,227,227,227,227,227,227,227,227,227,227,227,227,227,227,9,9,9,9,0,0,0,0,0,0,0,0,0,0,0,0,0,0,0,0,0,0,0,0,0,0,0,0,0,0,0,0,0,0,0,0,9,9,9,9,218,218,218,218,227,227,227,227,227,227,227,227,227,227,227,227,227,227,227,227,227,227,227,227,9,9,9,9,0,0,0,0,0,0,0,0,0,0,0,0,0,0,0,0,0,0,0,0,0,0,0,0,0,0,0,0,0,0,0,0,9,9,9,9,218,218,218,218,227,227,227,227,227,227,227,227,227,227,227,227,227,227,227,227,227,227,227,227,9,9,9,9,0,0,0,0,0,0,0,0,0,0,0,0,0,0,0,0,0,0,0,0,0,0,0,0,0,0,0,0,0,0,0,0,9,9,9,9,218,218,218,218,227,227,227,227,227,227,227,227,227,227,227,227,227,227,227,227,227,227,227,227,9,9,9,9,0,0,0,0,0,0,0,0,0,0,0,0,0,0,0,0,
0,0,0,0,0,0,0,0,0,0,0,0,0,0,0,0,9,9,9,9,218,218,218,218,227,227,227,227,227,227,227,227,227,227,227,227,227,227,227,227,227,227,227,227,9,9,9,9,0,0,0,0,0,0,0,0,0,0,0,0,0,0,0,0,0,0,0,0,0,0,0,0,0,0,0,0,0,0,0,0,9,9,9,9,218,218,218,218,227,227,227,227,227,227,227,227,227,227,227,227,227,227,227,227,227,227,227,227,9,9,9,9,0,0,0,0,0,0,0,0,0,0,0,0,0,0,0,0,0,0,0,0,0,0,0,0,0,0,0,0,0,0,0,0,9,9,9,9,218,218,218,218,227,227,227,227,227,227,227,227,227,227,227,227,227,227,227,227,227,227,227,227,9,9,9,9,0,0,0,0,0,0,0,0,0,0,0,0,0,0,0,0,0,0,0,0,0,0,0,0,0,0,0,0,0,0,0,0,9,9,9,9,218,218,218,218,227,227,227,227,227,227,227,227,227,227,227,227,227,227,227,227,227,227,227,227,9,9,9,9,0,0,0,0,0,0,0,0,0,0,0,0,0,0,0,0,
0,0,0,0,0,0,0,0,0,0,0,0,0,0,0,0,9,9,9,9,218,218,218,218,227,227,227,227,227,227,227,227,227,227,227,227,227,227,227,227,227,227,227,227,9,9,9,9,0,0,0,0,0,0,0,0,0,0,0,0,0,0,0,0,0,0,0,0,0,0,0,0,0,0,0,0,0,0,0,0,9,9,9,9,218,218,218,218,227,227,227,227,227,227,227,227,227,227,227,227,227,227,227,227,227,227,227,227,9,9,9,9,0,0,0,0,0,0,0,0,0,0,0,0,0,0,0,0,0,0,0,0,0,0,0,0,0,0,0,0,0,0,0,0,9,9,9,9,218,218,218,218,227,227,227,227,227,227,227,227,227,227,227,227,227,227,227,227,227,227,227,227,9,9,9,9,0,0,0,0,0,0,0,0,0,0,0,0,0,0,0,0,0,0,0,0,0,0,0,0,0,0,0,0,0,0,0,0,9,9,9,9,218,218,218,218,227,227,227,227,227,227,227,227,227,227,227,227,227,227,227,227,227,227,227,227,9,9,9,9,0,0,0,0,0,0,0,0,0,0,0,0,0,0,0,0,
0,0,0,0,0,0,0,0,0,0,0,0,0,0,0,0,9,9,9,9,218,218,218,218,227,227,227,227,227,227,227,227,227,227,227,227,227,227,227,227,227,227,227,227,9,9,9,9,0,0,0,0,0,0,0,0,0,0,0,0,0,0,0,0,0,0,0,0,0,0,0,0,0,0,0,0,0,0,0,0,9,9,9,9,218,218,218,218,227,227,227,227,227,227,227,227,227,227,227,227,227,227,227,227,227,227,227,227,9,9,9,9,0,0,0,0,0,0,0,0,0,0,0,0,0,0,0,0,0,0,0,0,0,0,0,0,0,0,0,0,0,0,0,0,9,9,9,9,218,218,218,218,227,227,227,227,227,227,227,227,227,227,227,227,227,227,227,227,227,227,227,227,9,9,9,9,0,0,0,0,0,0,0,0,0,0,0,0,0,0,0,0,0,0,0,0,0,0,0,0,0,0,0,0,0,0,0,0,9,9,9,9,218,218,218,218,227,227,227,227,227,227,227,227,227,227,227,227,227,227,227,227,227,227,227,227,9,9,9,9,0,0,0,0,0,0,0,0,0,0,0,0,0,0,0,0,
0,0,0,0,0,0,0,0,0,0,0,0,0,0,0,0,0,0,0,0,9,9,9,9,218,218,218,218,227,227,227,227,227,227,227,227,227,227,227,227,9,9,9,9,0,0,0,0,0,0,0,0,0,0,0,0,0,0,0,0,0,0,0,0,0,0,0,0,0,0,0,0,0,0,0,0,0,0,0,0,0,0,0,0,9,9,9,9,218,218,218,218,227,227,227,227,227,227,227,227,227,227,227,227,9,9,9,9,0,0,0,0,0,0,0,0,0,0,0,0,0,0,0,0,0,0,0,0,0,0,0,0,0,0,0,0,0,0,0,0,0,0,0,0,0,0,0,0,9,9,9,9,218,218,218,218,227,227,227,227,227,227,227,227,227,227,227,227,9,9,9,9,0,0,0,0,0,0,0,0,0,0,0,0,0,0,0,0,0,0,0,0,0,0,0,0,0,0,0,0,0,0,0,0,0,0,0,0,0,0,0,0,9,9,9,9,218,218,218,218,227,227,227,227,227,227,227,227,227,227,227,227,9,9,9,9,0,0,0,0,0,0,0,0,0,0,0,0,0,0,0,0,0,0,0,0,
0,0,0,0,0,0,0,0,0,0,0,0,0,0,0,0,0,0,0,0,9,9,9,9,218,218,218,218,227,227,227,227,227,227,227,227,227,227,227,227,9,9,9,9,0,0,0,0,0,0,0,0,0,0,0,0,0,0,0,0,0,0,0,0,0,0,0,0,0,0,0,0,0,0,0,0,0,0,0,0,0,0,0,0,9,9,9,9,218,218,218,218,227,227,227,227,227,227,227,227,227,227,227,227,9,9,9,9,0,0,0,0,0,0,0,0,0,0,0,0,0,0,0,0,0,0,0,0,0,0,0,0,0,0,0,0,0,0,0,0,0,0,0,0,0,0,0,0,9,9,9,9,218,218,218,218,227,227,227,227,227,227,227,227,227,227,227,227,9,9,9,9,0,0,0,0,0,0,0,0,0,0,0,0,0,0,0,0,0,0,0,0,0,0,0,0,0,0,0,0,0,0,0,0,0,0,0,0,0,0,0,0,9,9,9,9,218,218,218,218,227,227,227,227,227,227,227,227,227,227,227,227,9,9,9,9,0,0,0,0,0,0,0,0,0,0,0,0,0,0,0,0,0,0,0,0,
0,0,0,0,0,0,0,0,0,0,0,0,0,0,0,0,0,0,0,0,9,9,9,9,218,218,218,218,227,227,227,227,227,227,227,227,227,227,227,227,9,9,9,9,0,0,0,0,0,0,0,0,0,0,0,0,0,0,0,0,0,0,0,0,0,0,0,0,0,0,0,0,0,0,0,0,0,0,0,0,0,0,0,0,9,9,9,9,218,218,218,218,227,227,227,227,227,227,227,227,227,227,227,227,9,9,9,9,0,0,0,0,0,0,0,0,0,0,0,0,0,0,0,0,0,0,0,0,0,0,0,0,0,0,0,0,0,0,0,0,0,0,0,0,0,0,0,0,9,9,9,9,218,218,218,218,227,227,227,227,227,227,227,227,227,227,227,227,9,9,9,9,0,0,0,0,0,0,0,0,0,0,0,0,0,0,0,0,0,0,0,0,0,0,0,0,0,0,0,0,0,0,0,0,0,0,0,0,0,0,0,0,9,9,9,9,218,218,218,218,227,227,227,227,227,227,227,227,227,227,227,227,9,9,9,9,0,0,0,0,0,0,0,0,0,0,0,0,0,0,0,0,0,0,0,0,
0,0,0,0,0,0,0,0,0,0,0,0,0,0,0,0,0,0,0,0,9,9,9,9,218,218,218,218,227,227,227,227,227,227,227,227,227,227,227,227,9,9,9,9,0,0,0,0,0,0,0,0,0,0,0,0,0,0,0,0,0,0,0,0,0,0,0,0,0,0,0,0,0,0,0,0,0,0,0,0,0,0,0,0,9,9,9,9,218,218,218,218,227,227,227,227,227,227,227,227,227,227,227,227,9,9,9,9,0,0,0,0,0,0,0,0,0,0,0,0,0,0,0,0,0,0,0,0,0,0,0,0,0,0,0,0,0,0,0,0,0,0,0,0,0,0,0,0,9,9,9,9,218,218,218,218,227,227,227,227,227,227,227,227,227,227,227,227,9,9,9,9,0,0,0,0,0,0,0,0,0,0,0,0,0,0,0,0,0,0,0,0,0,0,0,0,0,0,0,0,0,0,0,0,0,0,0,0,0,0,0,0,9,9,9,9,218,218,218,218,227,227,227,227,227,227,227,227,227,227,227,227,9,9,9,9,0,0,0,0,0,0,0,0,0,0,0,0,0,0,0,0,0,0,0,0,
0,0,0,0,0,0,0,0,0,0,0,0,0,0,0,0,0,0,0,0,0,0,0,0,9,9,9,9,9,9,9,9,9,9,9,9,9,9,9,9,0,0,0,0,0,0,0,0,0,0,0,0,0,0,0,0,0,0,0,0,0,0,0,0,0,0,0,0,0,0,0,0,0,0,0,0,0,0,0,0,0,0,0,0,0,0,0,0,9,9,9,9,9,9,9,9,9,9,9,9,9,9,9,9,0,0,0,0,0,0,0,0,0,0,0,0,0,0,0,0,0,0,0,0,0,0,0,0,0,0,0,0,0,0,0,0,0,0,0,0,0,0,0,0,0,0,0,0,0,0,0,0,9,9,9,9,9,9,9,9,9,9,9,9,9,9,9,9,0,0,0,0,0,0,0,0,0,0,0,0,0,0,0,0,0,0,0,0,0,0,0,0,0,0,0,0,0,0,0,0,0,0,0,0,0,0,0,0,0,0,0,0,0,0,0,0,9,9,9,9,9,9,9,9,9,9,9,9,9,9,9,9,0,0,0,0,0,0,0,0,0,0,0,0,0,0,0,0,0,0,0,0,0,0,0,0,
0,0,0,0,0,0,0,0,0,0,0,0,0,0,0,0,0,0,0,0,0,0,0,0,9,9,9,9,9,9,9,9,9,9,9,9,9,9,9,9,0,0,0,0,0,0,0,0,0,0,0,0,0,0,0,0,0,0,0,0,0,0,0,0,0,0,0,0,0,0,0,0,0,0,0,0,0,0,0,0,0,0,0,0,0,0,0,0,9,9,9,9,9,9,9,9,9,9,9,9,9,9,9,9,0,0,0,0,0,0,0,0,0,0,0,0,0,0,0,0,0,0,0,0,0,0,0,0,0,0,0,0,0,0,0,0,0,0,0,0,0,0,0,0,0,0,0,0,0,0,0,0,9,9,9,9,9,9,9,9,9,9,9,9,9,9,9,9,0,0,0,0,0,0,0,0,0,0,0,0,0,0,0,0,0,0,0,0,0,0,0,0,0,0,0,0,0,0,0,0,0,0,0,0,0,0,0,0,0,0,0,0,0,0,0,0,9,9,9,9,9,9,9,9,9,9,9,9,9,9,9,9,0,0,0,0,0,0,0,0,0,0,0,0,0,0,0,0,0,0,0,0,0,0,0,0,
0,0,0,0,0,0,0,0,0,0,0,0,0,0,0,0,0,0,0,0,0,0,0,0,9,9,9,9,9,9,9,9,9,9,9,9,9,9,9,9,0,0,0,0,0,0,0,0,0,0,0,0,0,0,0,0,0,0,0,0,0,0,0,0,0,0,0,0,0,0,0,0,0,0,0,0,0,0,0,0,0,0,0,0,0,0,0,0,9,9,9,9,9,9,9,9,9,9,9,9,9,9,9,9,0,0,0,0,0,0,0,0,0,0,0,0,0,0,0,0,0,0,0,0,0,0,0,0,0,0,0,0,0,0,0,0,0,0,0,0,0,0,0,0,0,0,0,0,0,0,0,0,9,9,9,9,9,9,9,9,9,9,9,9,9,9,9,9,0,0,0,0,0,0,0,0,0,0,0,0,0,0,0,0,0,0,0,0,0,0,0,0,0,0,0,0,0,0,0,0,0,0,0,0,0,0,0,0,0,0,0,0,0,0,0,0,9,9,9,9,9,9,9,9,9,9,9,9,9,9,9,9,0,0,0,0,0,0,0,0,0,0,0,0,0,0,0,0,0,0,0,0,0,0,0,0,
0,0,0,0,0,0,0,0,0,0,0,0,0,0,0,0,0,0,0,0,0,0,0,0,9,9,9,9,9,9,9,9,9,9,9,9,9,9,9,9,0,0,0,0,0,0,0,0,0,0,0,0,0,0,0,0,0,0,0,0,0,0,0,0,0,0,0,0,0,0,0,0,0,0,0,0,0,0,0,0,0,0,0,0,0,0,0,0,9,9,9,9,9,9,9,9,9,9,9,9,9,9,9,9,0,0,0,0,0,0,0,0,0,0,0,0,0,0,0,0,0,0,0,0,0,0,0,0,0,0,0,0,0,0,0,0,0,0,0,0,0,0,0,0,0,0,0,0,0,0,0,0,9,9,9,9,9,9,9,9,9,9,9,9,9,9,9,9,0,0,0,0,0,0,0,0,0,0,0,0,0,0,0,0,0,0,0,0,0,0,0,0,0,0,0,0,0,0,0,0,0,0,0,0,0,0,0,0,0,0,0,0,0,0,0,0,9,9,9,9,9,9,9,9,9,9,9,9,9,9,9,9,0,0,0,0,0,0,0,0,0,0,0,0,0,0,0,0,0,0,0,0,0,0,0,0,


